0 -8192 -8192 -8192 -8192 -8192 -8192 -8192 -8192 -8192 -8192 -8192 -8192 -8192 -8192 -8192 -5349 -6338 -3592 184 -6692 -3840 -184 -9463 -5467 -6314 -5800 -6804 -4729 -4882 -8192 0 0 0 0 0 0 0 0 0 0 0 0 0 0 -8192 0 0 0 0 0 0 0 0 0 0 0 0 0 0 -8192 0 0 0 0 0 0 0 0 0 0 0 0 0 0 -8192 0 0 0 0 0 0 0 0 0 0 0 0 0 0 -8192 0 0 0 0 0 0 0 0 0 0 0 0 0 0 -8192 0 0 0 0 0 0 0 0 0 0 0 0 0 0 -8192 0 0 0 0 0 0 0 0 0 0 0 0 0 0 -8192 0 0 0 0 0 0 0 0 0 0 0 0 0 0 -8192 0 0 0 0 0 0 0 0 0 0 0 0 0 0 -8192 0 0 0 0 0 0 0 0 0 0 0 0 0 0 -8192 0 0 0 0 0 0 0 0 0 0 0 0 0 0 -8192 0 0 0 0 0 0 0 0 0 0 0 0 0 0 -8192 -5349 -6338 -3592 184 -6692 -3840 -184 -9463 -5467 -6314 -5800 -6804 -4729 -4882
-8192 0 -8192 -8192 -8192 -8192 -8192 -8192 -8192 -8192 -8192 -8192 -8192 -8192 -8192 -5349 -8192 -6759 -3065 -8100 -2055 -9038 -1058 -5824 -815 -2458 24 -5070 -24 -7483 0 -8192 0 0 0 0 0 0 0 0 0 0 0 0 0 0 -8192 0 0 0 0 0 0 0 0 0 0 0 0 0 0 -8192 0 0 0 0 0 0 0 0 0 0 0 0 0 0 -8192 0 0 0 0 0 0 0 0 0 0 0 0 0 0 -8192 0 0 0 0 0 0 0 0 0 0 0 0 0 0 -8192 0 0 0 0 0 0 0 0 0 0 0 0 0 0 -8192 0 0 0 0 0 0 0 0 0 0 0 0 0 0 -8192 0 0 0 0 0 0 0 0 0 0 0 0 0 0 -8192 0 0 0 0 0 0 0 0 0 0 0 0 0 0 -8192 0 0 0 0 0 0 0 0 0 0 0 0 0 0 -8192 0 0 0 0 0 0 0 0 0 0 0 0 0 0 -8192 0 0 0 0 0 0 0 0 0 0 0 0 0 -5349 -8192 -6759 -3065 -8100 -2055 -9038 -1058 -5824 -815 -2458 24 -5070 -24 -7483
-8192 -8192 0 -8192 -8192 -8192 -8192 -8192 -8192 -8192 -8192 -8192 -8192 -8192 -8192 -6338 -6759 -8192 -9854 -5668 -4905 -3686 -201 -13136 -5000 -3969 -5852 201 -5667 -231 0 0 -8192 0 0 0 0 0 0 0 0 0 0 0 0 0 0 -8192 0 0 0 0 0 0 0 0 0 0 0 0 0 0 -8192 0 0 0 0 0 0 0 0 0 0 0 0 0 0 -8192 0 0 0 0 0 0 0 0 0 0 0 0 0 0 -8192 0 0 0 0 0 0 0 0 0 0 0 0 0 0 -8192 0 0 0 0 0 0 0 0 0 0 0 0 0 0 -8192 0 0 0 0 0 0 0 0 0 0 0 0 0 0 -8192 0 0 0 0 0 0 0 0 0 0 0 0 0 0 -8192 0 0 0 0 0 0 0 0 0 0 0 0 0 0 -8192 0 0 0 0 0 0 0 0 0 0 0 0 0 0 -8192 0 0 0 0 0 0 0 0 0 0 0 0 0 0 -8192 0 0 0 0 0 0 0 0 0 0 0 0 -6338 -6759 -8192 -9854 -5668 -4905 -3686 -201 -13136 -5000 -3969 -5852 201 -5667 -231
-8192 -8192 -8192 0 -8192 -8192 -8192 -8192 -8192 -8192 -8192 -8192 -8192 -8192 -8192 -3592 -3065 -9854 -8192 -7120 -5639 -10348 -3327 24 -4443 -6087 -24 -8678 -3474 -10007 0 0 0 -8192 0 0 0 0 0 0 0 0 0 0 0 0 0 0 -8192 0 0 0 0 0 0 0 0 0 0 0 0 0 0 -8192 0 0 0 0 0 0 0 0 0 0 0 0 0 0 -8192 0 0 0 0 0 0 0 0 0 0 0 0 0 0 -8192 0 0 0 0 0 0 0 0 0 0 0 0 0 0 -8192 0 0 0 0 0 0 0 0 0 0 0 0 0 0 -8192 0 0 0 0 0 0 0 0 0 0 0 0 0 0 -8192 0 0 0 0 0 0 0 0 0 0 0 0 0 0 -8192 0 0 0 0 0 0 0 0 0 0 0 0 0 0 -8192 0 0 0 0 0 0 0 0 0 0 0 0 0 0 -8192 0 0 0 0 0 0 0 0 0 0 0 0 0 0 -8192 0 0 0 0 0 0 0 0 0 0 0 -3592 -3065 -9854 -8192 -7120 -5639 -10348 -3327 24 -4443 -6087 -24 -8678 -3474 -10007
-8192 -8192 -8192 -8192 0 -8192 -8192 -8192 -8192 -8192 -8192 -8192 -8192 -8192 -8192 184 -8100 -5668 -7120 -8192 -8612 -184 -1344 -12945 -7668 -7962 -8636 -6467 -7260 -2556 0 0 0 0 -8192 0 0 0 0 0 0 0 0 0 0 0 0 0 0 -8192 0 0 0 0 0 0 0 0 0 0 0 0 0 0 -8192 0 0 0 0 0 0 0 0 0 0 0 0 0 0 -8192 0 0 0 0 0 0 0 0 0 0 0 0 0 0 -8192 0 0 0 0 0 0 0 0 0 0 0 0 0 0 -8192 0 0 0 0 0 0 0 0 0 0 0 0 0 0 -8192 0 0 0 0 0 0 0 0 0 0 0 0 0 0 -8192 0 0 0 0 0 0 0 0 0 0 0 0 0 0 -8192 0 0 0 0 0 0 0 0 0 0 0 0 0 0 -8192 0 0 0 0 0 0 0 0 0 0 0 0 0 0 -8192 0 0 0 0 0 0 0 0 0 0 0 0 0 0 -8192 0 0 0 0 0 0 0 0 0 0 184 -8100 -5668 -7120 -8192 -8612 -184 -1344 -12945 -7668 -7962 -8636 -6467 -7260 -2556
-8192 -8192 -8192 -8192 -8192 0 -8192 -8192 -8192 -8192 -8192 -8192 -8192 -8192 -8192 -6692 -2055 -4905 -5639 -8612 -8192 -8415 -766 -7772 -197 88 -88 -2342 -1379 -6007 0 0 0 0 0 -8192 0 0 0 0 0 0 0 0 0 0 0 0 0 0 -8192 0 0 0 0 0 0 0 0 0 0 0 0 0 0 -8192 0 0 0 0 0 0 0 0 0 0 0 0 0 0 -8192 0 0 0 0 0 0 0 0 0 0 0 0 0 0 -8192 0 0 0 0 0 0 0 0 0 0 0 0 0 0 -8192 0 0 0 0 0 0 0 0 0 0 0 0 0 0 -8192 0 0 0 0 0 0 0 0 0 0 0 0 0 0 -8192 0 0 0 0 0 0 0 0 0 0 0 0 0 0 -8192 0 0 0 0 0 0 0 0 0 0 0 0 0 0 -8192 0 0 0 0 0 0 0 0 0 0 0 0 0 0 -8192 0 0 0 0 0 0 0 0 0 0 0 0 0 0 -8192 0 0 0 0 0 0 0 0 0 -6692 -2055 -4905 -5639 -8612 -8192 -8415 -766 -7772 -197 88 -88 -2342 -1379 -6007
-8192 -8192 -8192 -8192 -8192 -8192 0 -8192 -8192 -8192 -8192 -8192 -8192 -8192 -8192 -3840 -9038 -3686 -10348 -184 -8415 -8192 -1463 -15044 -7914 -7562 -9193 -4281 -7991 184 0 0 0 0 0 0 -8192 0 0 0 0 0 0 0 0 0 0 0 0 0 0 -8192 0 0 0 0 0 0 0 0 0 0 0 0 0 0 -8192 0 0 0 0 0 0 0 0 0 0 0 0 0 0 -8192 0 0 0 0 0 0 0 0 0 0 0 0 0 0 -8192 0 0 0 0 0 0 0 0 0 0 0 0 0 0 -8192 0 0 0 0 0 0 0 0 0 0 0 0 0 0 -8192 0 0 0 0 0 0 0 0 0 0 0 0 0 0 -8192 0 0 0 0 0 0 0 0 0 0 0 0 0 0 -8192 0 0 0 0 0 0 0 0 0 0 0 0 0 0 -8192 0 0 0 0 0 0 0 0 0 0 0 0 0 0 -8192 0 0 0 0 0 0 0 0 0 0 0 0 0 0 -8192 0 0 0 0 0 0 0 0 -3840 -9038 -3686 -10348 -184 -8415 -8192 -1463 -15044 -7914 -7562 -9193 -4281 -7991 184
-8192 -8192 -8192 -8192 -8192 -8192 -8192 0 -8192 -8192 -8192 -8192 -8192 -8192 -8192 -184 -1058 -201 -3327 -1344 -766 -1463 -8192 -7256 0 -88 -1257 -201 0 -184 0 0 0 0 0 0 0 -8192 0 0 0 0 0 0 0 0 0 0 0 0 0 0 -8192 0 0 0 0 0 0 0 0 0 0 0 0 0 0 -8192 0 0 0 0 0 0 0 0 0 0 0 0 0 0 -8192 0 0 0 0 0 0 0 0 0 0 0 0 0 0 -8192 0 0 0 0 0 0 0 0 0 0 0 0 0 0 -8192 0 0 0 0 0 0 0 0 0 0 0 0 0 0 -8192 0 0 0 0 0 0 0 0 0 0 0 0 0 0 -8192 0 0 0 0 0 0 0 0 0 0 0 0 0 0 -8192 0 0 0 0 0 0 0 0 0 0 0 0 0 0 -8192 0 0 0 0 0 0 0 0 0 0 0 0 0 0 -8192 0 0 0 0 0 0 0 0 0 0 0 0 0 0 -8192 0 0 0 0 0 0 0 -184 -1058 -201 -3327 -1344 -766 -1463 -8192 -7256 0 -88 -1257 -201 0 -184
-8192 -8192 -8192 -8192 -8192 -8192 -8192 -8192 0 -8192 -8192 -8192 -8192 -8192 -8192 -9463 -5824 -13136 24 -12945 -7772 -15044 -7256 -8192 -6990 -8461 -24 -10958 -6411 -13847 0 0 0 0 0 0 0 0 -8192 0 0 0 0 0 0 0 0 0 0 0 0 0 0 -8192 0 0 0 0 0 0 0 0 0 0 0 0 0 0 -8192 0 0 0 0 0 0 0 0 0 0 0 0 0 0 -8192 0 0 0 0 0 0 0 0 0 0 0 0 0 0 -8192 0 0 0 0 0 0 0 0 0 0 0 0 0 0 -8192 0 0 0 0 0 0 0 0 0 0 0 0 0 0 -8192 0 0 0 0 0 0 0 0 0 0 0 0 0 0 -8192 0 0 0 0 0 0 0 0 0 0 0 0 0 0 -8192 0 0 0 0 0 0 0 0 0 0 0 0 0 0 -8192 0 0 0 0 0 0 0 0 0 0 0 0 0 0 -8192 0 0 0 0 0 0 0 0 0 0 0 0 0 0 -8192 0 0 0 0 0 0 -9463 -5824 -13136 24 -12945 -7772 -15044 -7256 -8192 -6990 -8461 -24 -10958 -6411 -13847
-8192 -8192 -8192 -8192 -8192 -8192 -8192 -8192 -8192 0 -8192 -8192 -8192 -8192 -8192 -5467 -815 -5000 -4443 -7668 -197 -7914 0 -6990 -8192 -453 -88 -3067 0 -5915 0 0 0 0 0 0 0 0 0 -8192 0 0 0 0 0 0 0 0 0 0 0 0 0 0 -8192 0 0 0 0 0 0 0 0 0 0 0 0 0 0 -8192 0 0 0 0 0 0 0 0 0 0 0 0 0 0 -8192 0 0 0 0 0 0 0 0 0 0 0 0 0 0 -8192 0 0 0 0 0 0 0 0 0 0 0 0 0 0 -8192 0 0 0 0 0 0 0 0 0 0 0 0 0 0 -8192 0 0 0 0 0 0 0 0 0 0 0 0 0 0 -8192 0 0 0 0 0 0 0 0 0 0 0 0 0 0 -8192 0 0 0 0 0 0 0 0 0 0 0 0 0 0 -8192 0 0 0 0 0 0 0 0 0 0 0 0 0 0 -8192 0 0 0 0 0 0 0 0 0 0 0 0 0 0 -8192 0 0 0 0 0 -5467 -815 -5000 -4443 -7668 -197 -7914 0 -6990 -8192 -453 -88 -3067 0 -5915
-8192 -8192 -8192 -8192 -8192 -8192 -8192 -8192 -8192 -8192 0 -8192 -8192 -8192 -8192 -6314 -2458 -3969 -6087 -7962 88 -7562 -88 -8461 -453 -8192 -875 -1606 -1593 -5076 0 0 0 0 0 0 0 0 0 0 -8192 0 0 0 0 0 0 0 0 0 0 0 0 0 0 -8192 0 0 0 0 0 0 0 0 0 0 0 0 0 0 -8192 0 0 0 0 0 0 0 0 0 0 0 0 0 0 -8192 0 0 0 0 0 0 0 0 0 0 0 0 0 0 -8192 0 0 0 0 0 0 0 0 0 0 0 0 0 0 -8192 0 0 0 0 0 0 0 0 0 0 0 0 0 0 -8192 0 0 0 0 0 0 0 0 0 0 0 0 0 0 -8192 0 0 0 0 0 0 0 0 0 0 0 0 0 0 -8192 0 0 0 0 0 0 0 0 0 0 0 0 0 0 -8192 0 0 0 0 0 0 0 0 0 0 0 0 0 0 -8192 0 0 0 0 0 0 0 0 0 0 0 0 0 0 -8192 0 0 0 0 -6314 -2458 -3969 -6087 -7962 88 -7562 -88 -8461 -453 -8192 -875 -1606 -1593 -5076
-8192 -8192 -8192 -8192 -8192 -8192 -8192 -8192 -8192 -8192 -8192 0 -8192 -8192 -8192 -5800 24 -5852 -24 -8636 -88 -9193 -1257 -24 -88 -875 -8192 -2528 -322 -6973 0 0 0 0 0 0 0 0 0 0 0 -8192 0 0 0 0 0 0 0 0 0 0 0 0 0 0 -8192 0 0 0 0 0 0 0 0 0 0 0 0 0 0 -8192 0 0 0 0 0 0 0 0 0 0 0 0 0 0 -8192 0 0 0 0 0 0 0 0 0 0 0 0 0 0 -8192 0 0 0 0 0 0 0 0 0 0 0 0 0 0 -8192 0 0 0 0 0 0 0 0 0 0 0 0 0 0 -8192 0 0 0 0 0 0 0 0 0 0 0 0 0 0 -8192 0 0 0 0 0 0 0 0 0 0 0 0 0 0 -8192 0 0 0 0 0 0 0 0 0 0 0 0 0 0 -8192 0 0 0 0 0 0 0 0 0 0 0 0 0 0 -8192 0 0 0 0 0 0 0 0 0 0 0 0 0 0 -8192 0 0 0 -5800 24 -5852 -24 -8636 -88 -9193 -1257 -24 -88 -875 -8192 -2528 -322 -6973
-8192 -8192 -8192 -8192 -8192 -8192 -8192 -8192 -8192 -8192 -8192 -8192 0 -8192 -8192 -6804 -5070 201 -8678 -6467 -2342 -4281 -201 -10958 -3067 -1606 -2528 -8192 -4125 -249 0 0 0 0 0 0 0 0 0 0 0 0 -8192 0 0 0 0 0 0 0 0 0 0 0 0 0 0 -8192 0 0 0 0 0 0 0 0 0 0 0 0 0 0 -8192 0 0 0 0 0 0 0 0 0 0 0 0 0 0 -8192 0 0 0 0 0 0 0 0 0 0 0 0 0 0 -8192 0 0 0 0 0 0 0 0 0 0 0 0 0 0 -8192 0 0 0 0 0 0 0 0 0 0 0 0 0 0 -8192 0 0 0 0 0 0 0 0 0 0 0 0 0 0 -8192 0 0 0 0 0 0 0 0 0 0 0 0 0 0 -8192 0 0 0 0 0 0 0 0 0 0 0 0 0 0 -8192 0 0 0 0 0 0 0 0 0 0 0 0 0 0 -8192 0 0 0 0 0 0 0 0 0 0 0 0 0 0 -8192 0 0 -6804 -5070 201 -8678 -6467 -2342 -4281 -201 -10958 -3067 -1606 -2528 -8192 -4125 -249
-8192 -8192 -8192 -8192 -8192 -8192 -8192 -8192 -8192 -8192 -8192 -8192 -8192 0 -8192 -4729 -24 -5667 -3474 -7260 -1379 -7991 0 -6411 0 -1593 -322 -4125 -8192 -6379 0 0 0 0 0 0 0 0 0 0 0 0 0 -8192 0 0 0 0 0 0 0 0 0 0 0 0 0 0 -8192 0 0 0 0 0 0 0 0 0 0 0 0 0 0 -8192 0 0 0 0 0 0 0 0 0 0 0 0 0 0 -8192 0 0 0 0 0 0 0 0 0 0 0 0 0 0 -8192 0 0 0 0 0 0 0 0 0 0 0 0 0 0 -8192 0 0 0 0 0 0 0 0 0 0 0 0 0 0 -8192 0 0 0 0 0 0 0 0 0 0 0 0 0 0 -8192 0 0 0 0 0 0 0 0 0 0 0 0 0 0 -8192 0 0 0 0 0 0 0 0 0 0 0 0 0 0 -8192 0 0 0 0 0 0 0 0 0 0 0 0 0 0 -8192 0 0 0 0 0 0 0 0 0 0 0 0 0 0 -8192 0 -4729 -24 -5667 -3474 -7260 -1379 -7991 0 -6411 0 -1593 -322 -4125 -8192 -6379
-8192 -8192 -8192 -8192 -8192 -8192 -8192 -8192 -8192 -8192 -8192 -8192 -8192 -8192 0 -4882 -7483 -231 -10007 -2556 -6007 184 -184 -13847 -5915 -5076 -6973 -249 -6379 -8192 0 0 0 0 0 0 0 0 0 0 0 0 0 0 -8192 0 0 0 0 0 0 0 0 0 0 0 0 0 0 -8192 0 0 0 0 0 0 0 0 0 0 0 0 0 0 -8192 0 0 0 0 0 0 0 0 0 0 0 0 0 0 -8192 0 0 0 0 0 0 0 0 0 0 0 0 0 0 -8192 0 0 0 0 0 0 0 0 0 0 0 0 0 0 -8192 0 0 0 0 0 0 0 0 0 0 0 0 0 0 -8192 0 0 0 0 0 0 0 0 0 0 0 0 0 0 -8192 0 0 0 0 0 0 0 0 0 0 0 0 0 0 -8192 0 0 0 0 0 0 0 0 0 0 0 0 0 0 -8192 0 0 0 0 0 0 0 0 0 0 0 0 0 0 -8192 0 0 0 0 0 0 0 0 0 0 0 0 0 0 -8192 -4882 -7483 -231 -10007 -2556 -6007 184 -184 -13847 -5915 -5076 -6973 -249 -6379 -8192
-8192 -5349 -6338 -3592 184 -6692 -3840 -184 -9463 -5467 -6314 -5800 -6804 -4729 -4882 0 -8192 -8192 -8192 -8192 -8192 -8192 -8192 -8192 -8192 -8192 -8192 -8192 -8192 -8192 -8192 -5349 -6338 -3592 184 -6692 -3840 -184 -9463 -5467 -6314 -5800 -6804 -4729 -4882 -8192 0 0 0 0 0 0 0 0 0 0 0 0 0 0 -8192 0 0 0 0 0 0 0 0 0 0 0 0 0 0 -8192 0 0 0 0 0 0 0 0 0 0 0 0 0 0 -8192 0 0 0 0 0 0 0 0 0 0 0 0 0 0 -8192 0 0 0 0 0 0 0 0 0 0 0 0 0 0 -8192 0 0 0 0 0 0 0 0 0 0 0 0 0 0 -8192 0 0 0 0 0 0 0 0 0 0 0 0 0 0 -8192 0 0 0 0 0 0 0 0 0 0 0 0 0 0 -8192 0 0 0 0 0 0 0 0 0 0 0 0 0 0 -8192 0 0 0 0 0 0 0 0 0 0 0 0 0 0 -8192 0 0 0 0 0 0 0 0 0 0 0 0 0 0 -8192 0 0 0 0 0 0 0 0 0 0 0 0 0 0
-5349 -8192 -6759 -3065 -8100 -2055 -9038 -1058 -5824 -815 -2458 24 -5070 -24 -7483 -8192 0 -8192 -8192 -8192 -8192 -8192 -8192 -8192 -8192 -8192 -8192 -8192 -8192 -8192 -5349 -8192 -6759 -3065 -8100 -2055 -9038 -1058 -5824 -815 -2458 24 -5070 -24 -7483 0 -8192 0 0 0 0 0 0 0 0 0 0 0 0 0 0 -8192 0 0 0 0 0 0 0 0 0 0 0 0 0 0 -8192 0 0 0 0 0 0 0 0 0 0 0 0 0 0 -8192 0 0 0 0 0 0 0 0 0 0 0 0 0 0 -8192 0 0 0 0 0 0 0 0 0 0 0 0 0 0 -8192 0 0 0 0 0 0 0 0 0 0 0 0 0 0 -8192 0 0 0 0 0 0 0 0 0 0 0 0 0 0 -8192 0 0 0 0 0 0 0 0 0 0 0 0 0 0 -8192 0 0 0 0 0 0 0 0 0 0 0 0 0 0 -8192 0 0 0 0 0 0 0 0 0 0 0 0 0 0 -8192 0 0 0 0 0 0 0 0 0 0 0 0 0 0 -8192 0 0 0 0 0 0 0 0 0 0 0 0 0
-6338 -6759 -8192 -9854 -5668 -4905 -3686 -201 -13136 -5000 -3969 -5852 201 -5667 -231 -8192 -8192 0 -8192 -8192 -8192 -8192 -8192 -8192 -8192 -8192 -8192 -8192 -8192 -8192 -6338 -6759 -8192 -9854 -5668 -4905 -3686 -201 -13136 -5000 -3969 -5852 201 -5667 -231 0 0 -8192 0 0 0 0 0 0 0 0 0 0 0 0 0 0 -8192 0 0 0 0 0 0 0 0 0 0 0 0 0 0 -8192 0 0 0 0 0 0 0 0 0 0 0 0 0 0 -8192 0 0 0 0 0 0 0 0 0 0 0 0 0 0 -8192 0 0 0 0 0 0 0 0 0 0 0 0 0 0 -8192 0 0 0 0 0 0 0 0 0 0 0 0 0 0 -8192 0 0 0 0 0 0 0 0 0 0 0 0 0 0 -8192 0 0 0 0 0 0 0 0 0 0 0 0 0 0 -8192 0 0 0 0 0 0 0 0 0 0 0 0 0 0 -8192 0 0 0 0 0 0 0 0 0 0 0 0 0 0 -8192 0 0 0 0 0 0 0 0 0 0 0 0 0 0 -8192 0 0 0 0 0 0 0 0 0 0 0 0
-3592 -3065 -9854 -8192 -7120 -5639 -10348 -3327 24 -4443 -6087 -24 -8678 -3474 -10007 -8192 -8192 -8192 0 -8192 -8192 -8192 -8192 -8192 -8192 -8192 -8192 -8192 -8192 -8192 -3592 -3065 -9854 -8192 -7120 -5639 -10348 -3327 24 -4443 -6087 -24 -8678 -3474 -10007 0 0 0 -8192 0 0 0 0 0 0 0 0 0 0 0 0 0 0 -8192 0 0 0 0 0 0 0 0 0 0 0 0 0 0 -8192 0 0 0 0 0 0 0 0 0 0 0 0 0 0 -8192 0 0 0 0 0 0 0 0 0 0 0 0 0 0 -8192 0 0 0 0 0 0 0 0 0 0 0 0 0 0 -8192 0 0 0 0 0 0 0 0 0 0 0 0 0 0 -8192 0 0 0 0 0 0 0 0 0 0 0 0 0 0 -8192 0 0 0 0 0 0 0 0 0 0 0 0 0 0 -8192 0 0 0 0 0 0 0 0 0 0 0 0 0 0 -8192 0 0 0 0 0 0 0 0 0 0 0 0 0 0 -8192 0 0 0 0 0 0 0 0 0 0 0 0 0 0 -8192 0 0 0 0 0 0 0 0 0 0 0
184 -8100 -5668 -7120 -8192 -8612 -184 -1344 -12945 -7668 -7962 -8636 -6467 -7260 -2556 -8192 -8192 -8192 -8192 0 -8192 -8192 -8192 -8192 -8192 -8192 -8192 -8192 -8192 -8192 184 -8100 -5668 -7120 -8192 -8612 -184 -1344 -12945 -7668 -7962 -8636 -6467 -7260 -2556 0 0 0 0 -8192 0 0 0 0 0 0 0 0 0 0 0 0 0 0 -8192 0 0 0 0 0 0 0 0 0 0 0 0 0 0 -8192 0 0 0 0 0 0 0 0 0 0 0 0 0 0 -8192 0 0 0 0 0 0 0 0 0 0 0 0 0 0 -8192 0 0 0 0 0 0 0 0 0 0 0 0 0 0 -8192 0 0 0 0 0 0 0 0 0 0 0 0 0 0 -8192 0 0 0 0 0 0 0 0 0 0 0 0 0 0 -8192 0 0 0 0 0 0 0 0 0 0 0 0 0 0 -8192 0 0 0 0 0 0 0 0 0 0 0 0 0 0 -8192 0 0 0 0 0 0 0 0 0 0 0 0 0 0 -8192 0 0 0 0 0 0 0 0 0 0 0 0 0 0 -8192 0 0 0 0 0 0 0 0 0 0
-6692 -2055 -4905 -5639 -8612 -8192 -8415 -766 -7772 -197 88 -88 -2342 -1379 -6007 -8192 -8192 -8192 -8192 -8192 0 -8192 -8192 -8192 -8192 -8192 -8192 -8192 -8192 -8192 -6692 -2055 -4905 -5639 -8612 -8192 -8415 -766 -7772 -197 88 -88 -2342 -1379 -6007 0 0 0 0 0 -8192 0 0 0 0 0 0 0 0 0 0 0 0 0 0 -8192 0 0 0 0 0 0 0 0 0 0 0 0 0 0 -8192 0 0 0 0 0 0 0 0 0 0 0 0 0 0 -8192 0 0 0 0 0 0 0 0 0 0 0 0 0 0 -8192 0 0 0 0 0 0 0 0 0 0 0 0 0 0 -8192 0 0 0 0 0 0 0 0 0 0 0 0 0 0 -8192 0 0 0 0 0 0 0 0 0 0 0 0 0 0 -8192 0 0 0 0 0 0 0 0 0 0 0 0 0 0 -8192 0 0 0 0 0 0 0 0 0 0 0 0 0 0 -8192 0 0 0 0 0 0 0 0 0 0 0 0 0 0 -8192 0 0 0 0 0 0 0 0 0 0 0 0 0 0 -8192 0 0 0 0 0 0 0 0 0
-3840 -9038 -3686 -10348 -184 -8415 -8192 -1463 -15044 -7914 -7562 -9193 -4281 -7991 184 -8192 -8192 -8192 -8192 -8192 -8192 0 -8192 -8192 -8192 -8192 -8192 -8192 -8192 -8192 -3840 -9038 -3686 -10348 -184 -8415 -8192 -1463 -15044 -7914 -7562 -9193 -4281 -7991 184 0 0 0 0 0 0 -8192 0 0 0 0 0 0 0 0 0 0 0 0 0 0 -8192 0 0 0 0 0 0 0 0 0 0 0 0 0 0 -8192 0 0 0 0 0 0 0 0 0 0 0 0 0 0 -8192 0 0 0 0 0 0 0 0 0 0 0 0 0 0 -8192 0 0 0 0 0 0 0 0 0 0 0 0 0 0 -8192 0 0 0 0 0 0 0 0 0 0 0 0 0 0 -8192 0 0 0 0 0 0 0 0 0 0 0 0 0 0 -8192 0 0 0 0 0 0 0 0 0 0 0 0 0 0 -8192 0 0 0 0 0 0 0 0 0 0 0 0 0 0 -8192 0 0 0 0 0 0 0 0 0 0 0 0 0 0 -8192 0 0 0 0 0 0 0 0 0 0 0 0 0 0 -8192 0 0 0 0 0 0 0 0
-184 -1058 -201 -3327 -1344 -766 -1463 -8192 -7256 0 -88 -1257 -201 0 -184 -8192 -8192 -8192 -8192 -8192 -8192 -8192 0 -8192 -8192 -8192 -8192 -8192 -8192 -8192 -184 -1058 -201 -3327 -1344 -766 -1463 -8192 -7256 0 -88 -1257 -201 0 -184 0 0 0 0 0 0 0 -8192 0 0 0 0 0 0 0 0 0 0 0 0 0 0 -8192 0 0 0 0 0 0 0 0 0 0 0 0 0 0 -8192 0 0 0 0 0 0 0 0 0 0 0 0 0 0 -8192 0 0 0 0 0 0 0 0 0 0 0 0 0 0 -8192 0 0 0 0 0 0 0 0 0 0 0 0 0 0 -8192 0 0 0 0 0 0 0 0 0 0 0 0 0 0 -8192 0 0 0 0 0 0 0 0 0 0 0 0 0 0 -8192 0 0 0 0 0 0 0 0 0 0 0 0 0 0 -8192 0 0 0 0 0 0 0 0 0 0 0 0 0 0 -8192 0 0 0 0 0 0 0 0 0 0 0 0 0 0 -8192 0 0 0 0 0 0 0 0 0 0 0 0 0 0 -8192 0 0 0 0 0 0 0
-9463 -5824 -13136 24 -12945 -7772 -15044 -7256 -8192 -6990 -8461 -24 -10958 -6411 -13847 -8192 -8192 -8192 -8192 -8192 -8192 -8192 -8192 0 -8192 -8192 -8192 -8192 -8192 -8192 -9463 -5824 -13136 24 -12945 -7772 -15044 -7256 -8192 -6990 -8461 -24 -10958 -6411 -13847 0 0 0 0 0 0 0 0 -8192 0 0 0 0 0 0 0 0 0 0 0 0 0 0 -8192 0 0 0 0 0 0 0 0 0 0 0 0 0 0 -8192 0 0 0 0 0 0 0 0 0 0 0 0 0 0 -8192 0 0 0 0 0 0 0 0 0 0 0 0 0 0 -8192 0 0 0 0 0 0 0 0 0 0 0 0 0 0 -8192 0 0 0 0 0 0 0 0 0 0 0 0 0 0 -8192 0 0 0 0 0 0 0 0 0 0 0 0 0 0 -8192 0 0 0 0 0 0 0 0 0 0 0 0 0 0 -8192 0 0 0 0 0 0 0 0 0 0 0 0 0 0 -8192 0 0 0 0 0 0 0 0 0 0 0 0 0 0 -8192 0 0 0 0 0 0 0 0 0 0 0 0 0 0 -8192 0 0 0 0 0 0
-5467 -815 -5000 -4443 -7668 -197 -7914 0 -6990 -8192 -453 -88 -3067 0 -5915 -8192 -8192 -8192 -8192 -8192 -8192 -8192 -8192 -8192 0 -8192 -8192 -8192 -8192 -8192 -5467 -815 -5000 -4443 -7668 -197 -7914 0 -6990 -8192 -453 -88 -3067 0 -5915 0 0 0 0 0 0 0 0 0 -8192 0 0 0 0 0 0 0 0 0 0 0 0 0 0 -8192 0 0 0 0 0 0 0 0 0 0 0 0 0 0 -8192 0 0 0 0 0 0 0 0 0 0 0 0 0 0 -8192 0 0 0 0 0 0 0 0 0 0 0 0 0 0 -8192 0 0 0 0 0 0 0 0 0 0 0 0 0 0 -8192 0 0 0 0 0 0 0 0 0 0 0 0 0 0 -8192 0 0 0 0 0 0 0 0 0 0 0 0 0 0 -8192 0 0 0 0 0 0 0 0 0 0 0 0 0 0 -8192 0 0 0 0 0 0 0 0 0 0 0 0 0 0 -8192 0 0 0 0 0 0 0 0 0 0 0 0 0 0 -8192 0 0 0 0 0 0 0 0 0 0 0 0 0 0 -8192 0 0 0 0 0
-6314 -2458 -3969 -6087 -7962 88 -7562 -88 -8461 -453 -8192 -875 -1606 -1593 -5076 -8192 -8192 -8192 -8192 -8192 -8192 -8192 -8192 -8192 -8192 0 -8192 -8192 -8192 -8192 -6314 -2458 -3969 -6087 -7962 88 -7562 -88 -8461 -453 -8192 -875 -1606 -1593 -5076 0 0 0 0 0 0 0 0 0 0 -8192 0 0 0 0 0 0 0 0 0 0 0 0 0 0 -8192 0 0 0 0 0 0 0 0 0 0 0 0 0 0 -8192 0 0 0 0 0 0 0 0 0 0 0 0 0 0 -8192 0 0 0 0 0 0 0 0 0 0 0 0 0 0 -8192 0 0 0 0 0 0 0 0 0 0 0 0 0 0 -8192 0 0 0 0 0 0 0 0 0 0 0 0 0 0 -8192 0 0 0 0 0 0 0 0 0 0 0 0 0 0 -8192 0 0 0 0 0 0 0 0 0 0 0 0 0 0 -8192 0 0 0 0 0 0 0 0 0 0 0 0 0 0 -8192 0 0 0 0 0 0 0 0 0 0 0 0 0 0 -8192 0 0 0 0 0 0 0 0 0 0 0 0 0 0 -8192 0 0 0 0
-5800 24 -5852 -24 -8636 -88 -9193 -1257 -24 -88 -875 -8192 -2528 -322 -6973 -8192 -8192 -8192 -8192 -8192 -8192 -8192 -8192 -8192 -8192 -8192 0 -8192 -8192 -8192 -5800 24 -5852 -24 -8636 -88 -9193 -1257 -24 -88 -875 -8192 -2528 -322 -6973 0 0 0 0 0 0 0 0 0 0 0 -8192 0 0 0 0 0 0 0 0 0 0 0 0 0 0 -8192 0 0 0 0 0 0 0 0 0 0 0 0 0 0 -8192 0 0 0 0 0 0 0 0 0 0 0 0 0 0 -8192 0 0 0 0 0 0 0 0 0 0 0 0 0 0 -8192 0 0 0 0 0 0 0 0 0 0 0 0 0 0 -8192 0 0 0 0 0 0 0 0 0 0 0 0 0 0 -8192 0 0 0 0 0 0 0 0 0 0 0 0 0 0 -8192 0 0 0 0 0 0 0 0 0 0 0 0 0 0 -8192 0 0 0 0 0 0 0 0 0 0 0 0 0 0 -8192 0 0 0 0 0 0 0 0 0 0 0 0 0 0 -8192 0 0 0 0 0 0 0 0 0 0 0 0 0 0 -8192 0 0 0
-6804 -5070 201 -8678 -6467 -2342 -4281 -201 -10958 -3067 -1606 -2528 -8192 -4125 -249 -8192 -8192 -8192 -8192 -8192 -8192 -8192 -8192 -8192 -8192 -8192 -8192 0 -8192 -8192 -6804 -5070 201 -8678 -6467 -2342 -4281 -201 -10958 -3067 -1606 -2528 -8192 -4125 -249 0 0 0 0 0 0 0 0 0 0 0 0 -8192 0 0 0 0 0 0 0 0 0 0 0 0 0 0 -8192 0 0 0 0 0 0 0 0 0 0 0 0 0 0 -8192 0 0 0 0 0 0 0 0 0 0 0 0 0 0 -8192 0 0 0 0 0 0 0 0 0 0 0 0 0 0 -8192 0 0 0 0 0 0 0 0 0 0 0 0 0 0 -8192 0 0 0 0 0 0 0 0 0 0 0 0 0 0 -8192 0 0 0 0 0 0 0 0 0 0 0 0 0 0 -8192 0 0 0 0 0 0 0 0 0 0 0 0 0 0 -8192 0 0 0 0 0 0 0 0 0 0 0 0 0 0 -8192 0 0 0 0 0 0 0 0 0 0 0 0 0 0 -8192 0 0 0 0 0 0 0 0 0 0 0 0 0 0 -8192 0 0
-4729 -24 -5667 -3474 -7260 -1379 -7991 0 -6411 0 -1593 -322 -4125 -8192 -6379 -8192 -8192 -8192 -8192 -8192 -8192 -8192 -8192 -8192 -8192 -8192 -8192 -8192 0 -8192 -4729 -24 -5667 -3474 -7260 -1379 -7991 0 -6411 0 -1593 -322 -4125 -8192 -6379 0 0 0 0 0 0 0 0 0 0 0 0 0 -8192 0 0 0 0 0 0 0 0 0 0 0 0 0 0 -8192 0 0 0 0 0 0 0 0 0 0 0 0 0 0 -8192 0 0 0 0 0 0 0 0 0 0 0 0 0 0 -8192 0 0 0 0 0 0 0 0 0 0 0 0 0 0 -8192 0 0 0 0 0 0 0 0 0 0 0 0 0 0 -8192 0 0 0 0 0 0 0 0 0 0 0 0 0 0 -8192 0 0 0 0 0 0 0 0 0 0 0 0 0 0 -8192 0 0 0 0 0 0 0 0 0 0 0 0 0 0 -8192 0 0 0 0 0 0 0 0 0 0 0 0 0 0 -8192 0 0 0 0 0 0 0 0 0 0 0 0 0 0 -8192 0 0 0 0 0 0 0 0 0 0 0 0 0 0 -8192 0
-4882 -7483 -231 -10007 -2556 -6007 184 -184 -13847 -5915 -5076 -6973 -249 -6379 -8192 -8192 -8192 -8192 -8192 -8192 -8192 -8192 -8192 -8192 -8192 -8192 -8192 -8192 -8192 0 -4882 -7483 -231 -10007 -2556 -6007 184 -184 -13847 -5915 -5076 -6973 -249 -6379 -8192 0 0 0 0 0 0 0 0 0 0 0 0 0 0 -8192 0 0 0 0 0 0 0 0 0 0 0 0 0 0 -8192 0 0 0 0 0 0 0 0 0 0 0 0 0 0 -8192 0 0 0 0 0 0 0 0 0 0 0 0 0 0 -8192 0 0 0 0 0 0 0 0 0 0 0 0 0 0 -8192 0 0 0 0 0 0 0 0 0 0 0 0 0 0 -8192 0 0 0 0 0 0 0 0 0 0 0 0 0 0 -8192 0 0 0 0 0 0 0 0 0 0 0 0 0 0 -8192 0 0 0 0 0 0 0 0 0 0 0 0 0 0 -8192 0 0 0 0 0 0 0 0 0 0 0 0 0 0 -8192 0 0 0 0 0 0 0 0 0 0 0 0 0 0 -8192 0 0 0 0 0 0 0 0 0 0 0 0 0 0 -8192
-8192 0 0 0 0 0 0 0 0 0 0 0 0 0 0 -8192 -5349 -6338 -3592 184 -6692 -3840 -184 -9463 -5467 -6314 -5800 -6804 -4729 -4882 0 -8192 -8192 -8192 -8192 -8192 -8192 -8192 -8192 -8192 -8192 -8192 -8192 -8192 -8192 -8192 -5349 -6338 -3592 184 -6692 -3840 -184 -9463 -5467 -6314 -5800 -6804 -4729 -4882 -8192 0 0 0 0 0 0 0 0 0 0 0 0 0 0 -8192 0 0 0 0 0 0 0 0 0 0 0 0 0 0 -8192 0 0 0 0 0 0 0 0 0 0 0 0 0 0 -8192 0 0 0 0 0 0 0 0 0 0 0 0 0 0 -8192 0 0 0 0 0 0 0 0 0 0 0 0 0 0 -8192 0 0 0 0 0 0 0 0 0 0 0 0 0 0 -8192 0 0 0 0 0 0 0 0 0 0 0 0 0 0 -8192 0 0 0 0 0 0 0 0 0 0 0 0 0 0 -8192 0 0 0 0 0 0 0 0 0 0 0 0 0 0 -8192 0 0 0 0 0 0 0 0 0 0 0 0 0 0 -8192 0 0 0 0 0 0 0 0 0 0 0 0 0 0
0 -8192 0 0 0 0 0 0 0 0 0 0 0 0 0 -5349 -8192 -6759 -3065 -8100 -2055 -9038 -1058 -5824 -815 -2458 24 -5070 -24 -7483 -8192 0 -8192 -8192 -8192 -8192 -8192 -8192 -8192 -8192 -8192 -8192 -8192 -8192 -8192 -5349 -8192 -6759 -3065 -8100 -2055 -9038 -1058 -5824 -815 -2458 24 -5070 -24 -7483 0 -8192 0 0 0 0 0 0 0 0 0 0 0 0 0 0 -8192 0 0 0 0 0 0 0 0 0 0 0 0 0 0 -8192 0 0 0 0 0 0 0 0 0 0 0 0 0 0 -8192 0 0 0 0 0 0 0 0 0 0 0 0 0 0 -8192 0 0 0 0 0 0 0 0 0 0 0 0 0 0 -8192 0 0 0 0 0 0 0 0 0 0 0 0 0 0 -8192 0 0 0 0 0 0 0 0 0 0 0 0 0 0 -8192 0 0 0 0 0 0 0 0 0 0 0 0 0 0 -8192 0 0 0 0 0 0 0 0 0 0 0 0 0 0 -8192 0 0 0 0 0 0 0 0 0 0 0 0 0 0 -8192 0 0 0 0 0 0 0 0 0 0 0 0 0
0 0 -8192 0 0 0 0 0 0 0 0 0 0 0 0 -6338 -6759 -8192 -9854 -5668 -4905 -3686 -201 -13136 -5000 -3969 -5852 201 -5667 -231 -8192 -8192 0 -8192 -8192 -8192 -8192 -8192 -8192 -8192 -8192 -8192 -8192 -8192 -8192 -6338 -6759 -8192 -9854 -5668 -4905 -3686 -201 -13136 -5000 -3969 -5852 201 -5667 -231 0 0 -8192 0 0 0 0 0 0 0 0 0 0 0 0 0 0 -8192 0 0 0 0 0 0 0 0 0 0 0 0 0 0 -8192 0 0 0 0 0 0 0 0 0 0 0 0 0 0 -8192 0 0 0 0 0 0 0 0 0 0 0 0 0 0 -8192 0 0 0 0 0 0 0 0 0 0 0 0 0 0 -8192 0 0 0 0 0 0 0 0 0 0 0 0 0 0 -8192 0 0 0 0 0 0 0 0 0 0 0 0 0 0 -8192 0 0 0 0 0 0 0 0 0 0 0 0 0 0 -8192 0 0 0 0 0 0 0 0 0 0 0 0 0 0 -8192 0 0 0 0 0 0 0 0 0 0 0 0 0 0 -8192 0 0 0 0 0 0 0 0 0 0 0 0
0 0 0 -8192 0 0 0 0 0 0 0 0 0 0 0 -3592 -3065 -9854 -8192 -7120 -5639 -10348 -3327 24 -4443 -6087 -24 -8678 -3474 -10007 -8192 -8192 -8192 0 -8192 -8192 -8192 -8192 -8192 -8192 -8192 -8192 -8192 -8192 -8192 -3592 -3065 -9854 -8192 -7120 -5639 -10348 -3327 24 -4443 -6087 -24 -8678 -3474 -10007 0 0 0 -8192 0 0 0 0 0 0 0 0 0 0 0 0 0 0 -8192 0 0 0 0 0 0 0 0 0 0 0 0 0 0 -8192 0 0 0 0 0 0 0 0 0 0 0 0 0 0 -8192 0 0 0 0 0 0 0 0 0 0 0 0 0 0 -8192 0 0 0 0 0 0 0 0 0 0 0 0 0 0 -8192 0 0 0 0 0 0 0 0 0 0 0 0 0 0 -8192 0 0 0 0 0 0 0 0 0 0 0 0 0 0 -8192 0 0 0 0 0 0 0 0 0 0 0 0 0 0 -8192 0 0 0 0 0 0 0 0 0 0 0 0 0 0 -8192 0 0 0 0 0 0 0 0 0 0 0 0 0 0 -8192 0 0 0 0 0 0 0 0 0 0 0
0 0 0 0 -8192 0 0 0 0 0 0 0 0 0 0 184 -8100 -5668 -7120 -8192 -8612 -184 -1344 -12945 -7668 -7962 -8636 -6467 -7260 -2556 -8192 -8192 -8192 -8192 0 -8192 -8192 -8192 -8192 -8192 -8192 -8192 -8192 -8192 -8192 184 -8100 -5668 -7120 -8192 -8612 -184 -1344 -12945 -7668 -7962 -8636 -6467 -7260 -2556 0 0 0 0 -8192 0 0 0 0 0 0 0 0 0 0 0 0 0 0 -8192 0 0 0 0 0 0 0 0 0 0 0 0 0 0 -8192 0 0 0 0 0 0 0 0 0 0 0 0 0 0 -8192 0 0 0 0 0 0 0 0 0 0 0 0 0 0 -8192 0 0 0 0 0 0 0 0 0 0 0 0 0 0 -8192 0 0 0 0 0 0 0 0 0 0 0 0 0 0 -8192 0 0 0 0 0 0 0 0 0 0 0 0 0 0 -8192 0 0 0 0 0 0 0 0 0 0 0 0 0 0 -8192 0 0 0 0 0 0 0 0 0 0 0 0 0 0 -8192 0 0 0 0 0 0 0 0 0 0 0 0 0 0 -8192 0 0 0 0 0 0 0 0 0 0
0 0 0 0 0 -8192 0 0 0 0 0 0 0 0 0 -6692 -2055 -4905 -5639 -8612 -8192 -8415 -766 -7772 -197 88 -88 -2342 -1379 -6007 -8192 -8192 -8192 -8192 -8192 0 -8192 -8192 -8192 -8192 -8192 -8192 -8192 -8192 -8192 -6692 -2055 -4905 -5639 -8612 -8192 -8415 -766 -7772 -197 88 -88 -2342 -1379 -6007 0 0 0 0 0 -8192 0 0 0 0 0 0 0 0 0 0 0 0 0 0 -8192 0 0 0 0 0 0 0 0 0 0 0 0 0 0 -8192 0 0 0 0 0 0 0 0 0 0 0 0 0 0 -8192 0 0 0 0 0 0 0 0 0 0 0 0 0 0 -8192 0 0 0 0 0 0 0 0 0 0 0 0 0 0 -8192 0 0 0 0 0 0 0 0 0 0 0 0 0 0 -8192 0 0 0 0 0 0 0 0 0 0 0 0 0 0 -8192 0 0 0 0 0 0 0 0 0 0 0 0 0 0 -8192 0 0 0 0 0 0 0 0 0 0 0 0 0 0 -8192 0 0 0 0 0 0 0 0 0 0 0 0 0 0 -8192 0 0 0 0 0 0 0 0 0
0 0 0 0 0 0 -8192 0 0 0 0 0 0 0 0 -3840 -9038 -3686 -10348 -184 -8415 -8192 -1463 -15044 -7914 -7562 -9193 -4281 -7991 184 -8192 -8192 -8192 -8192 -8192 -8192 0 -8192 -8192 -8192 -8192 -8192 -8192 -8192 -8192 -3840 -9038 -3686 -10348 -184 -8415 -8192 -1463 -15044 -7914 -7562 -9193 -4281 -7991 184 0 0 0 0 0 0 -8192 0 0 0 0 0 0 0 0 0 0 0 0 0 0 -8192 0 0 0 0 0 0 0 0 0 0 0 0 0 0 -8192 0 0 0 0 0 0 0 0 0 0 0 0 0 0 -8192 0 0 0 0 0 0 0 0 0 0 0 0 0 0 -8192 0 0 0 0 0 0 0 0 0 0 0 0 0 0 -8192 0 0 0 0 0 0 0 0 0 0 0 0 0 0 -8192 0 0 0 0 0 0 0 0 0 0 0 0 0 0 -8192 0 0 0 0 0 0 0 0 0 0 0 0 0 0 -8192 0 0 0 0 0 0 0 0 0 0 0 0 0 0 -8192 0 0 0 0 0 0 0 0 0 0 0 0 0 0 -8192 0 0 0 0 0 0 0 0
0 0 0 0 0 0 0 -8192 0 0 0 0 0 0 0 -184 -1058 -201 -3327 -1344 -766 -1463 -8192 -7256 0 -88 -1257 -201 0 -184 -8192 -8192 -8192 -8192 -8192 -8192 -8192 0 -8192 -8192 -8192 -8192 -8192 -8192 -8192 -184 -1058 -201 -3327 -1344 -766 -1463 -8192 -7256 0 -88 -1257 -201 0 -184 0 0 0 0 0 0 0 -8192 0 0 0 0 0 0 0 0 0 0 0 0 0 0 -8192 0 0 0 0 0 0 0 0 0 0 0 0 0 0 -8192 0 0 0 0 0 0 0 0 0 0 0 0 0 0 -8192 0 0 0 0 0 0 0 0 0 0 0 0 0 0 -8192 0 0 0 0 0 0 0 0 0 0 0 0 0 0 -8192 0 0 0 0 0 0 0 0 0 0 0 0 0 0 -8192 0 0 0 0 0 0 0 0 0 0 0 0 0 0 -8192 0 0 0 0 0 0 0 0 0 0 0 0 0 0 -8192 0 0 0 0 0 0 0 0 0 0 0 0 0 0 -8192 0 0 0 0 0 0 0 0 0 0 0 0 0 0 -8192 0 0 0 0 0 0 0
0 0 0 0 0 0 0 0 -8192 0 0 0 0 0 0 -9463 -5824 -13136 24 -12945 -7772 -15044 -7256 -8192 -6990 -8461 -24 -10958 -6411 -13847 -8192 -8192 -8192 -8192 -8192 -8192 -8192 -8192 0 -8192 -8192 -8192 -8192 -8192 -8192 -9463 -5824 -13136 24 -12945 -7772 -15044 -7256 -8192 -6990 -8461 -24 -10958 -6411 -13847 0 0 0 0 0 0 0 0 -8192 0 0 0 0 0 0 0 0 0 0 0 0 0 0 -8192 0 0 0 0 0 0 0 0 0 0 0 0 0 0 -8192 0 0 0 0 0 0 0 0 0 0 0 0 0 0 -8192 0 0 0 0 0 0 0 0 0 0 0 0 0 0 -8192 0 0 0 0 0 0 0 0 0 0 0 0 0 0 -8192 0 0 0 0 0 0 0 0 0 0 0 0 0 0 -8192 0 0 0 0 0 0 0 0 0 0 0 0 0 0 -8192 0 0 0 0 0 0 0 0 0 0 0 0 0 0 -8192 0 0 0 0 0 0 0 0 0 0 0 0 0 0 -8192 0 0 0 0 0 0 0 0 0 0 0 0 0 0 -8192 0 0 0 0 0 0
0 0 0 0 0 0 0 0 0 -8192 0 0 0 0 0 -5467 -815 -5000 -4443 -7668 -197 -7914 0 -6990 -8192 -453 -88 -3067 0 -5915 -8192 -8192 -8192 -8192 -8192 -8192 -8192 -8192 -8192 0 -8192 -8192 -8192 -8192 -8192 -5467 -815 -5000 -4443 -7668 -197 -7914 0 -6990 -8192 -453 -88 -3067 0 -5915 0 0 0 0 0 0 0 0 0 -8192 0 0 0 0 0 0 0 0 0 0 0 0 0 0 -8192 0 0 0 0 0 0 0 0 0 0 0 0 0 0 -8192 0 0 0 0 0 0 0 0 0 0 0 0 0 0 -8192 0 0 0 0 0 0 0 0 0 0 0 0 0 0 -8192 0 0 0 0 0 0 0 0 0 0 0 0 0 0 -8192 0 0 0 0 0 0 0 0 0 0 0 0 0 0 -8192 0 0 0 0 0 0 0 0 0 0 0 0 0 0 -8192 0 0 0 0 0 0 0 0 0 0 0 0 0 0 -8192 0 0 0 0 0 0 0 0 0 0 0 0 0 0 -8192 0 0 0 0 0 0 0 0 0 0 0 0 0 0 -8192 0 0 0 0 0
0 0 0 0 0 0 0 0 0 0 -8192 0 0 0 0 -6314 -2458 -3969 -6087 -7962 88 -7562 -88 -8461 -453 -8192 -875 -1606 -1593 -5076 -8192 -8192 -8192 -8192 -8192 -8192 -8192 -8192 -8192 -8192 0 -8192 -8192 -8192 -8192 -6314 -2458 -3969 -6087 -7962 88 -7562 -88 -8461 -453 -8192 -875 -1606 -1593 -5076 0 0 0 0 0 0 0 0 0 0 -8192 0 0 0 0 0 0 0 0 0 0 0 0 0 0 -8192 0 0 0 0 0 0 0 0 0 0 0 0 0 0 -8192 0 0 0 0 0 0 0 0 0 0 0 0 0 0 -8192 0 0 0 0 0 0 0 0 0 0 0 0 0 0 -8192 0 0 0 0 0 0 0 0 0 0 0 0 0 0 -8192 0 0 0 0 0 0 0 0 0 0 0 0 0 0 -8192 0 0 0 0 0 0 0 0 0 0 0 0 0 0 -8192 0 0 0 0 0 0 0 0 0 0 0 0 0 0 -8192 0 0 0 0 0 0 0 0 0 0 0 0 0 0 -8192 0 0 0 0 0 0 0 0 0 0 0 0 0 0 -8192 0 0 0 0
0 0 0 0 0 0 0 0 0 0 0 -8192 0 0 0 -5800 24 -5852 -24 -8636 -88 -9193 -1257 -24 -88 -875 -8192 -2528 -322 -6973 -8192 -8192 -8192 -8192 -8192 -8192 -8192 -8192 -8192 -8192 -8192 0 -8192 -8192 -8192 -5800 24 -5852 -24 -8636 -88 -9193 -1257 -24 -88 -875 -8192 -2528 -322 -6973 0 0 0 0 0 0 0 0 0 0 0 -8192 0 0 0 0 0 0 0 0 0 0 0 0 0 0 -8192 0 0 0 0 0 0 0 0 0 0 0 0 0 0 -8192 0 0 0 0 0 0 0 0 0 0 0 0 0 0 -8192 0 0 0 0 0 0 0 0 0 0 0 0 0 0 -8192 0 0 0 0 0 0 0 0 0 0 0 0 0 0 -8192 0 0 0 0 0 0 0 0 0 0 0 0 0 0 -8192 0 0 0 0 0 0 0 0 0 0 0 0 0 0 -8192 0 0 0 0 0 0 0 0 0 0 0 0 0 0 -8192 0 0 0 0 0 0 0 0 0 0 0 0 0 0 -8192 0 0 0 0 0 0 0 0 0 0 0 0 0 0 -8192 0 0 0
0 0 0 0 0 0 0 0 0 0 0 0 -8192 0 0 -6804 -5070 201 -8678 -6467 -2342 -4281 -201 -10958 -3067 -1606 -2528 -8192 -4125 -249 -8192 -8192 -8192 -8192 -8192 -8192 -8192 -8192 -8192 -8192 -8192 -8192 0 -8192 -8192 -6804 -5070 201 -8678 -6467 -2342 -4281 -201 -10958 -3067 -1606 -2528 -8192 -4125 -249 0 0 0 0 0 0 0 0 0 0 0 0 -8192 0 0 0 0 0 0 0 0 0 0 0 0 0 0 -8192 0 0 0 0 0 0 0 0 0 0 0 0 0 0 -8192 0 0 0 0 0 0 0 0 0 0 0 0 0 0 -8192 0 0 0 0 0 0 0 0 0 0 0 0 0 0 -8192 0 0 0 0 0 0 0 0 0 0 0 0 0 0 -8192 0 0 0 0 0 0 0 0 0 0 0 0 0 0 -8192 0 0 0 0 0 0 0 0 0 0 0 0 0 0 -8192 0 0 0 0 0 0 0 0 0 0 0 0 0 0 -8192 0 0 0 0 0 0 0 0 0 0 0 0 0 0 -8192 0 0 0 0 0 0 0 0 0 0 0 0 0 0 -8192 0 0
0 0 0 0 0 0 0 0 0 0 0 0 0 -8192 0 -4729 -24 -5667 -3474 -7260 -1379 -7991 0 -6411 0 -1593 -322 -4125 -8192 -6379 -8192 -8192 -8192 -8192 -8192 -8192 -8192 -8192 -8192 -8192 -8192 -8192 -8192 0 -8192 -4729 -24 -5667 -3474 -7260 -1379 -7991 0 -6411 0 -1593 -322 -4125 -8192 -6379 0 0 0 0 0 0 0 0 0 0 0 0 0 -8192 0 0 0 0 0 0 0 0 0 0 0 0 0 0 -8192 0 0 0 0 0 0 0 0 0 0 0 0 0 0 -8192 0 0 0 0 0 0 0 0 0 0 0 0 0 0 -8192 0 0 0 0 0 0 0 0 0 0 0 0 0 0 -8192 0 0 0 0 0 0 0 0 0 0 0 0 0 0 -8192 0 0 0 0 0 0 0 0 0 0 0 0 0 0 -8192 0 0 0 0 0 0 0 0 0 0 0 0 0 0 -8192 0 0 0 0 0 0 0 0 0 0 0 0 0 0 -8192 0 0 0 0 0 0 0 0 0 0 0 0 0 0 -8192 0 0 0 0 0 0 0 0 0 0 0 0 0 0 -8192 0
0 0 0 0 0 0 0 0 0 0 0 0 0 0 -8192 -4882 -7483 -231 -10007 -2556 -6007 184 -184 -13847 -5915 -5076 -6973 -249 -6379 -8192 -8192 -8192 -8192 -8192 -8192 -8192 -8192 -8192 -8192 -8192 -8192 -8192 -8192 -8192 0 -4882 -7483 -231 -10007 -2556 -6007 184 -184 -13847 -5915 -5076 -6973 -249 -6379 -8192 0 0 0 0 0 0 0 0 0 0 0 0 0 0 -8192 0 0 0 0 0 0 0 0 0 0 0 0 0 0 -8192 0 0 0 0 0 0 0 0 0 0 0 0 0 0 -8192 0 0 0 0 0 0 0 0 0 0 0 0 0 0 -8192 0 0 0 0 0 0 0 0 0 0 0 0 0 0 -8192 0 0 0 0 0 0 0 0 0 0 0 0 0 0 -8192 0 0 0 0 0 0 0 0 0 0 0 0 0 0 -8192 0 0 0 0 0 0 0 0 0 0 0 0 0 0 -8192 0 0 0 0 0 0 0 0 0 0 0 0 0 0 -8192 0 0 0 0 0 0 0 0 0 0 0 0 0 0 -8192 0 0 0 0 0 0 0 0 0 0 0 0 0 0 -8192
-8192 0 0 0 0 0 0 0 0 0 0 0 0 0 0 -8192 0 0 0 0 0 0 0 0 0 0 0 0 0 0 -8192 -5349 -6338 -3592 184 -6692 -3840 -184 -9463 -5467 -6314 -5800 -6804 -4729 -4882 0 -8192 -8192 -8192 -8192 -8192 -8192 -8192 -8192 -8192 -8192 -8192 -8192 -8192 -8192 -8192 -5349 -6338 -3592 184 -6692 -3840 -184 -9463 -5467 -6314 -5800 -6804 -4729 -4882 -8192 0 0 0 0 0 0 0 0 0 0 0 0 0 0 -8192 0 0 0 0 0 0 0 0 0 0 0 0 0 0 -8192 0 0 0 0 0 0 0 0 0 0 0 0 0 0 -8192 0 0 0 0 0 0 0 0 0 0 0 0 0 0 -8192 0 0 0 0 0 0 0 0 0 0 0 0 0 0 -8192 0 0 0 0 0 0 0 0 0 0 0 0 0 0 -8192 0 0 0 0 0 0 0 0 0 0 0 0 0 0 -8192 0 0 0 0 0 0 0 0 0 0 0 0 0 0 -8192 0 0 0 0 0 0 0 0 0 0 0 0 0 0 -8192 0 0 0 0 0 0 0 0 0 0 0 0 0 0
0 -8192 0 0 0 0 0 0 0 0 0 0 0 0 0 0 -8192 0 0 0 0 0 0 0 0 0 0 0 0 0 -5349 -8192 -6759 -3065 -8100 -2055 -9038 -1058 -5824 -815 -2458 24 -5070 -24 -7483 -8192 0 -8192 -8192 -8192 -8192 -8192 -8192 -8192 -8192 -8192 -8192 -8192 -8192 -8192 -5349 -8192 -6759 -3065 -8100 -2055 -9038 -1058 -5824 -815 -2458 24 -5070 -24 -7483 0 -8192 0 0 0 0 0 0 0 0 0 0 0 0 0 0 -8192 0 0 0 0 0 0 0 0 0 0 0 0 0 0 -8192 0 0 0 0 0 0 0 0 0 0 0 0 0 0 -8192 0 0 0 0 0 0 0 0 0 0 0 0 0 0 -8192 0 0 0 0 0 0 0 0 0 0 0 0 0 0 -8192 0 0 0 0 0 0 0 0 0 0 0 0 0 0 -8192 0 0 0 0 0 0 0 0 0 0 0 0 0 0 -8192 0 0 0 0 0 0 0 0 0 0 0 0 0 0 -8192 0 0 0 0 0 0 0 0 0 0 0 0 0 0 -8192 0 0 0 0 0 0 0 0 0 0 0 0 0
0 0 -8192 0 0 0 0 0 0 0 0 0 0 0 0 0 0 -8192 0 0 0 0 0 0 0 0 0 0 0 0 -6338 -6759 -8192 -9854 -5668 -4905 -3686 -201 -13136 -5000 -3969 -5852 201 -5667 -231 -8192 -8192 0 -8192 -8192 -8192 -8192 -8192 -8192 -8192 -8192 -8192 -8192 -8192 -8192 -6338 -6759 -8192 -9854 -5668 -4905 -3686 -201 -13136 -5000 -3969 -5852 201 -5667 -231 0 0 -8192 0 0 0 0 0 0 0 0 0 0 0 0 0 0 -8192 0 0 0 0 0 0 0 0 0 0 0 0 0 0 -8192 0 0 0 0 0 0 0 0 0 0 0 0 0 0 -8192 0 0 0 0 0 0 0 0 0 0 0 0 0 0 -8192 0 0 0 0 0 0 0 0 0 0 0 0 0 0 -8192 0 0 0 0 0 0 0 0 0 0 0 0 0 0 -8192 0 0 0 0 0 0 0 0 0 0 0 0 0 0 -8192 0 0 0 0 0 0 0 0 0 0 0 0 0 0 -8192 0 0 0 0 0 0 0 0 0 0 0 0 0 0 -8192 0 0 0 0 0 0 0 0 0 0 0 0
0 0 0 -8192 0 0 0 0 0 0 0 0 0 0 0 0 0 0 -8192 0 0 0 0 0 0 0 0 0 0 0 -3592 -3065 -9854 -8192 -7120 -5639 -10348 -3327 24 -4443 -6087 -24 -8678 -3474 -10007 -8192 -8192 -8192 0 -8192 -8192 -8192 -8192 -8192 -8192 -8192 -8192 -8192 -8192 -8192 -3592 -3065 -9854 -8192 -7120 -5639 -10348 -3327 24 -4443 -6087 -24 -8678 -3474 -10007 0 0 0 -8192 0 0 0 0 0 0 0 0 0 0 0 0 0 0 -8192 0 0 0 0 0 0 0 0 0 0 0 0 0 0 -8192 0 0 0 0 0 0 0 0 0 0 0 0 0 0 -8192 0 0 0 0 0 0 0 0 0 0 0 0 0 0 -8192 0 0 0 0 0 0 0 0 0 0 0 0 0 0 -8192 0 0 0 0 0 0 0 0 0 0 0 0 0 0 -8192 0 0 0 0 0 0 0 0 0 0 0 0 0 0 -8192 0 0 0 0 0 0 0 0 0 0 0 0 0 0 -8192 0 0 0 0 0 0 0 0 0 0 0 0 0 0 -8192 0 0 0 0 0 0 0 0 0 0 0
0 0 0 0 -8192 0 0 0 0 0 0 0 0 0 0 0 0 0 0 -8192 0 0 0 0 0 0 0 0 0 0 184 -8100 -5668 -7120 -8192 -8612 -184 -1344 -12945 -7668 -7962 -8636 -6467 -7260 -2556 -8192 -8192 -8192 -8192 0 -8192 -8192 -8192 -8192 -8192 -8192 -8192 -8192 -8192 -8192 184 -8100 -5668 -7120 -8192 -8612 -184 -1344 -12945 -7668 -7962 -8636 -6467 -7260 -2556 0 0 0 0 -8192 0 0 0 0 0 0 0 0 0 0 0 0 0 0 -8192 0 0 0 0 0 0 0 0 0 0 0 0 0 0 -8192 0 0 0 0 0 0 0 0 0 0 0 0 0 0 -8192 0 0 0 0 0 0 0 0 0 0 0 0 0 0 -8192 0 0 0 0 0 0 0 0 0 0 0 0 0 0 -8192 0 0 0 0 0 0 0 0 0 0 0 0 0 0 -8192 0 0 0 0 0 0 0 0 0 0 0 0 0 0 -8192 0 0 0 0 0 0 0 0 0 0 0 0 0 0 -8192 0 0 0 0 0 0 0 0 0 0 0 0 0 0 -8192 0 0 0 0 0 0 0 0 0 0
0 0 0 0 0 -8192 0 0 0 0 0 0 0 0 0 0 0 0 0 0 -8192 0 0 0 0 0 0 0 0 0 -6692 -2055 -4905 -5639 -8612 -8192 -8415 -766 -7772 -197 88 -88 -2342 -1379 -6007 -8192 -8192 -8192 -8192 -8192 0 -8192 -8192 -8192 -8192 -8192 -8192 -8192 -8192 -8192 -6692 -2055 -4905 -5639 -8612 -8192 -8415 -766 -7772 -197 88 -88 -2342 -1379 -6007 0 0 0 0 0 -8192 0 0 0 0 0 0 0 0 0 0 0 0 0 0 -8192 0 0 0 0 0 0 0 0 0 0 0 0 0 0 -8192 0 0 0 0 0 0 0 0 0 0 0 0 0 0 -8192 0 0 0 0 0 0 0 0 0 0 0 0 0 0 -8192 0 0 0 0 0 0 0 0 0 0 0 0 0 0 -8192 0 0 0 0 0 0 0 0 0 0 0 0 0 0 -8192 0 0 0 0 0 0 0 0 0 0 0 0 0 0 -8192 0 0 0 0 0 0 0 0 0 0 0 0 0 0 -8192 0 0 0 0 0 0 0 0 0 0 0 0 0 0 -8192 0 0 0 0 0 0 0 0 0
0 0 0 0 0 0 -8192 0 0 0 0 0 0 0 0 0 0 0 0 0 0 -8192 0 0 0 0 0 0 0 0 -3840 -9038 -3686 -10348 -184 -8415 -8192 -1463 -15044 -7914 -7562 -9193 -4281 -7991 184 -8192 -8192 -8192 -8192 -8192 -8192 0 -8192 -8192 -8192 -8192 -8192 -8192 -8192 -8192 -3840 -9038 -3686 -10348 -184 -8415 -8192 -1463 -15044 -7914 -7562 -9193 -4281 -7991 184 0 0 0 0 0 0 -8192 0 0 0 0 0 0 0 0 0 0 0 0 0 0 -8192 0 0 0 0 0 0 0 0 0 0 0 0 0 0 -8192 0 0 0 0 0 0 0 0 0 0 0 0 0 0 -8192 0 0 0 0 0 0 0 0 0 0 0 0 0 0 -8192 0 0 0 0 0 0 0 0 0 0 0 0 0 0 -8192 0 0 0 0 0 0 0 0 0 0 0 0 0 0 -8192 0 0 0 0 0 0 0 0 0 0 0 0 0 0 -8192 0 0 0 0 0 0 0 0 0 0 0 0 0 0 -8192 0 0 0 0 0 0 0 0 0 0 0 0 0 0 -8192 0 0 0 0 0 0 0 0
0 0 0 0 0 0 0 -8192 0 0 0 0 0 0 0 0 0 0 0 0 0 0 -8192 0 0 0 0 0 0 0 -184 -1058 -201 -3327 -1344 -766 -1463 -8192 -7256 0 -88 -1257 -201 0 -184 -8192 -8192 -8192 -8192 -8192 -8192 -8192 0 -8192 -8192 -8192 -8192 -8192 -8192 -8192 -184 -1058 -201 -3327 -1344 -766 -1463 -8192 -7256 0 -88 -1257 -201 0 -184 0 0 0 0 0 0 0 -8192 0 0 0 0 0 0 0 0 0 0 0 0 0 0 -8192 0 0 0 0 0 0 0 0 0 0 0 0 0 0 -8192 0 0 0 0 0 0 0 0 0 0 0 0 0 0 -8192 0 0 0 0 0 0 0 0 0 0 0 0 0 0 -8192 0 0 0 0 0 0 0 0 0 0 0 0 0 0 -8192 0 0 0 0 0 0 0 0 0 0 0 0 0 0 -8192 0 0 0 0 0 0 0 0 0 0 0 0 0 0 -8192 0 0 0 0 0 0 0 0 0 0 0 0 0 0 -8192 0 0 0 0 0 0 0 0 0 0 0 0 0 0 -8192 0 0 0 0 0 0 0
0 0 0 0 0 0 0 0 -8192 0 0 0 0 0 0 0 0 0 0 0 0 0 0 -8192 0 0 0 0 0 0 -9463 -5824 -13136 24 -12945 -7772 -15044 -7256 -8192 -6990 -8461 -24 -10958 -6411 -13847 -8192 -8192 -8192 -8192 -8192 -8192 -8192 -8192 0 -8192 -8192 -8192 -8192 -8192 -8192 -9463 -5824 -13136 24 -12945 -7772 -15044 -7256 -8192 -6990 -8461 -24 -10958 -6411 -13847 0 0 0 0 0 0 0 0 -8192 0 0 0 0 0 0 0 0 0 0 0 0 0 0 -8192 0 0 0 0 0 0 0 0 0 0 0 0 0 0 -8192 0 0 0 0 0 0 0 0 0 0 0 0 0 0 -8192 0 0 0 0 0 0 0 0 0 0 0 0 0 0 -8192 0 0 0 0 0 0 0 0 0 0 0 0 0 0 -8192 0 0 0 0 0 0 0 0 0 0 0 0 0 0 -8192 0 0 0 0 0 0 0 0 0 0 0 0 0 0 -8192 0 0 0 0 0 0 0 0 0 0 0 0 0 0 -8192 0 0 0 0 0 0 0 0 0 0 0 0 0 0 -8192 0 0 0 0 0 0
0 0 0 0 0 0 0 0 0 -8192 0 0 0 0 0 0 0 0 0 0 0 0 0 0 -8192 0 0 0 0 0 -5467 -815 -5000 -4443 -7668 -197 -7914 0 -6990 -8192 -453 -88 -3067 0 -5915 -8192 -8192 -8192 -8192 -8192 -8192 -8192 -8192 -8192 0 -8192 -8192 -8192 -8192 -8192 -5467 -815 -5000 -4443 -7668 -197 -7914 0 -6990 -8192 -453 -88 -3067 0 -5915 0 0 0 0 0 0 0 0 0 -8192 0 0 0 0 0 0 0 0 0 0 0 0 0 0 -8192 0 0 0 0 0 0 0 0 0 0 0 0 0 0 -8192 0 0 0 0 0 0 0 0 0 0 0 0 0 0 -8192 0 0 0 0 0 0 0 0 0 0 0 0 0 0 -8192 0 0 0 0 0 0 0 0 0 0 0 0 0 0 -8192 0 0 0 0 0 0 0 0 0 0 0 0 0 0 -8192 0 0 0 0 0 0 0 0 0 0 0 0 0 0 -8192 0 0 0 0 0 0 0 0 0 0 0 0 0 0 -8192 0 0 0 0 0 0 0 0 0 0 0 0 0 0 -8192 0 0 0 0 0
0 0 0 0 0 0 0 0 0 0 -8192 0 0 0 0 0 0 0 0 0 0 0 0 0 0 -8192 0 0 0 0 -6314 -2458 -3969 -6087 -7962 88 -7562 -88 -8461 -453 -8192 -875 -1606 -1593 -5076 -8192 -8192 -8192 -8192 -8192 -8192 -8192 -8192 -8192 -8192 0 -8192 -8192 -8192 -8192 -6314 -2458 -3969 -6087 -7962 88 -7562 -88 -8461 -453 -8192 -875 -1606 -1593 -5076 0 0 0 0 0 0 0 0 0 0 -8192 0 0 0 0 0 0 0 0 0 0 0 0 0 0 -8192 0 0 0 0 0 0 0 0 0 0 0 0 0 0 -8192 0 0 0 0 0 0 0 0 0 0 0 0 0 0 -8192 0 0 0 0 0 0 0 0 0 0 0 0 0 0 -8192 0 0 0 0 0 0 0 0 0 0 0 0 0 0 -8192 0 0 0 0 0 0 0 0 0 0 0 0 0 0 -8192 0 0 0 0 0 0 0 0 0 0 0 0 0 0 -8192 0 0 0 0 0 0 0 0 0 0 0 0 0 0 -8192 0 0 0 0 0 0 0 0 0 0 0 0 0 0 -8192 0 0 0 0
0 0 0 0 0 0 0 0 0 0 0 -8192 0 0 0 0 0 0 0 0 0 0 0 0 0 0 -8192 0 0 0 -5800 24 -5852 -24 -8636 -88 -9193 -1257 -24 -88 -875 -8192 -2528 -322 -6973 -8192 -8192 -8192 -8192 -8192 -8192 -8192 -8192 -8192 -8192 -8192 0 -8192 -8192 -8192 -5800 24 -5852 -24 -8636 -88 -9193 -1257 -24 -88 -875 -8192 -2528 -322 -6973 0 0 0 0 0 0 0 0 0 0 0 -8192 0 0 0 0 0 0 0 0 0 0 0 0 0 0 -8192 0 0 0 0 0 0 0 0 0 0 0 0 0 0 -8192 0 0 0 0 0 0 0 0 0 0 0 0 0 0 -8192 0 0 0 0 0 0 0 0 0 0 0 0 0 0 -8192 0 0 0 0 0 0 0 0 0 0 0 0 0 0 -8192 0 0 0 0 0 0 0 0 0 0 0 0 0 0 -8192 0 0 0 0 0 0 0 0 0 0 0 0 0 0 -8192 0 0 0 0 0 0 0 0 0 0 0 0 0 0 -8192 0 0 0 0 0 0 0 0 0 0 0 0 0 0 -8192 0 0 0
0 0 0 0 0 0 0 0 0 0 0 0 -8192 0 0 0 0 0 0 0 0 0 0 0 0 0 0 -8192 0 0 -6804 -5070 201 -8678 -6467 -2342 -4281 -201 -10958 -3067 -1606 -2528 -8192 -4125 -249 -8192 -8192 -8192 -8192 -8192 -8192 -8192 -8192 -8192 -8192 -8192 -8192 0 -8192 -8192 -6804 -5070 201 -8678 -6467 -2342 -4281 -201 -10958 -3067 -1606 -2528 -8192 -4125 -249 0 0 0 0 0 0 0 0 0 0 0 0 -8192 0 0 0 0 0 0 0 0 0 0 0 0 0 0 -8192 0 0 0 0 0 0 0 0 0 0 0 0 0 0 -8192 0 0 0 0 0 0 0 0 0 0 0 0 0 0 -8192 0 0 0 0 0 0 0 0 0 0 0 0 0 0 -8192 0 0 0 0 0 0 0 0 0 0 0 0 0 0 -8192 0 0 0 0 0 0 0 0 0 0 0 0 0 0 -8192 0 0 0 0 0 0 0 0 0 0 0 0 0 0 -8192 0 0 0 0 0 0 0 0 0 0 0 0 0 0 -8192 0 0 0 0 0 0 0 0 0 0 0 0 0 0 -8192 0 0
0 0 0 0 0 0 0 0 0 0 0 0 0 -8192 0 0 0 0 0 0 0 0 0 0 0 0 0 0 -8192 0 -4729 -24 -5667 -3474 -7260 -1379 -7991 0 -6411 0 -1593 -322 -4125 -8192 -6379 -8192 -8192 -8192 -8192 -8192 -8192 -8192 -8192 -8192 -8192 -8192 -8192 -8192 0 -8192 -4729 -24 -5667 -3474 -7260 -1379 -7991 0 -6411 0 -1593 -322 -4125 -8192 -6379 0 0 0 0 0 0 0 0 0 0 0 0 0 -8192 0 0 0 0 0 0 0 0 0 0 0 0 0 0 -8192 0 0 0 0 0 0 0 0 0 0 0 0 0 0 -8192 0 0 0 0 0 0 0 0 0 0 0 0 0 0 -8192 0 0 0 0 0 0 0 0 0 0 0 0 0 0 -8192 0 0 0 0 0 0 0 0 0 0 0 0 0 0 -8192 0 0 0 0 0 0 0 0 0 0 0 0 0 0 -8192 0 0 0 0 0 0 0 0 0 0 0 0 0 0 -8192 0 0 0 0 0 0 0 0 0 0 0 0 0 0 -8192 0 0 0 0 0 0 0 0 0 0 0 0 0 0 -8192 0
0 0 0 0 0 0 0 0 0 0 0 0 0 0 -8192 0 0 0 0 0 0 0 0 0 0 0 0 0 0 -8192 -4882 -7483 -231 -10007 -2556 -6007 184 -184 -13847 -5915 -5076 -6973 -249 -6379 -8192 -8192 -8192 -8192 -8192 -8192 -8192 -8192 -8192 -8192 -8192 -8192 -8192 -8192 -8192 0 -4882 -7483 -231 -10007 -2556 -6007 184 -184 -13847 -5915 -5076 -6973 -249 -6379 -8192 0 0 0 0 0 0 0 0 0 0 0 0 0 0 -8192 0 0 0 0 0 0 0 0 0 0 0 0 0 0 -8192 0 0 0 0 0 0 0 0 0 0 0 0 0 0 -8192 0 0 0 0 0 0 0 0 0 0 0 0 0 0 -8192 0 0 0 0 0 0 0 0 0 0 0 0 0 0 -8192 0 0 0 0 0 0 0 0 0 0 0 0 0 0 -8192 0 0 0 0 0 0 0 0 0 0 0 0 0 0 -8192 0 0 0 0 0 0 0 0 0 0 0 0 0 0 -8192 0 0 0 0 0 0 0 0 0 0 0 0 0 0 -8192 0 0 0 0 0 0 0 0 0 0 0 0 0 0 -8192
