0 -8192 -8192 -8192 -8192 -8192 -3262 -3262 0 0 -8192 0 0 0 0 -8192 0 0 0 0 -8192 -3262 -3262 0 0
-8192 0 -8192 -8192 -8192 -3262 -8192 3262 -7399 -5120 0 -8192 0 0 0 0 -8192 0 0 0 -3262 -8192 3262 -7399 -5120
-8192 -8192 0 -8192 -8192 -3262 3262 -8192 -7411 -5310 0 0 -8192 0 0 0 0 -8192 0 0 -3262 3262 -8192 -7411 -5310
-8192 -8192 -8192 0 -8192 0 -7399 -7411 -8192 0 0 0 0 -8192 0 0 0 0 -8192 0 0 -7399 -7411 -8192 0
-8192 -8192 -8192 -8192 0 0 -5120 -5310 0 -8192 0 0 0 0 -8192 0 0 0 0 -8192 0 -5120 -5310 0 -8192
-8192 -3262 -3262 0 0 0 -8192 -8192 -8192 -8192 -8192 -3262 -3262 0 0 -8192 0 0 0 0 -8192 0 0 0 0
-3262 -8192 3262 -7399 -5120 -8192 0 -8192 -8192 -8192 -3262 -8192 3262 -7399 -5120 0 -8192 0 0 0 0 -8192 0 0 0
-3262 3262 -8192 -7411 -5310 -8192 -8192 0 -8192 -8192 -3262 3262 -8192 -7411 -5310 0 0 -8192 0 0 0 0 -8192 0 0
0 -7399 -7411 -8192 0 -8192 -8192 -8192 0 -8192 0 -7399 -7411 -8192 0 0 0 0 -8192 0 0 0 0 -8192 0
0 -5120 -5310 0 -8192 -8192 -8192 -8192 -8192 0 0 -5120 -5310 0 -8192 0 0 0 0 -8192 0 0 0 0 -8192
-8192 0 0 0 0 -8192 -3262 -3262 0 0 0 -8192 -8192 -8192 -8192 -8192 -3262 -3262 0 0 -8192 0 0 0 0
0 -8192 0 0 0 -3262 -8192 3262 -7399 -5120 -8192 0 -8192 -8192 -8192 -3262 -8192 3262 -7399 -5120 0 -8192 0 0 0
0 0 -8192 0 0 -3262 3262 -8192 -7411 -5310 -8192 -8192 0 -8192 -8192 -3262 3262 -8192 -7411 -5310 0 0 -8192 0 0
0 0 0 -8192 0 0 -7399 -7411 -8192 0 -8192 -8192 -8192 0 -8192 0 -7399 -7411 -8192 0 0 0 0 -8192 0
0 0 0 0 -8192 0 -5120 -5310 0 -8192 -8192 -8192 -8192 -8192 0 0 -5120 -5310 0 -8192 0 0 0 0 -8192
-8192 0 0 0 0 -8192 0 0 0 0 -8192 -3262 -3262 0 0 0 -8192 -8192 -8192 -8192 -8192 -3262 -3262 0 0
0 -8192 0 0 0 0 -8192 0 0 0 -3262 -8192 3262 -7399 -5120 -8192 0 -8192 -8192 -8192 -3262 -8192 3262 -7399 -5120
0 0 -8192 0 0 0 0 -8192 0 0 -3262 3262 -8192 -7411 -5310 -8192 -8192 0 -8192 -8192 -3262 3262 -8192 -7411 -5310
0 0 0 -8192 0 0 0 0 -8192 0 0 -7399 -7411 -8192 0 -8192 -8192 -8192 0 -8192 0 -7399 -7411 -8192 0
0 0 0 0 -8192 0 0 0 0 -8192 0 -5120 -5310 0 -8192 -8192 -8192 -8192 -8192 0 0 -5120 -5310 0 -8192
-8192 -3262 -3262 0 0 -8192 0 0 0 0 -8192 0 0 0 0 -8192 -3262 -3262 0 0 0 -8192 -8192 -8192 -8192
-3262 -8192 3262 -7399 -5120 0 -8192 0 0 0 0 -8192 0 0 0 -3262 -8192 3262 -7399 -5120 -8192 0 -8192 -8192 -8192
-3262 3262 -8192 -7411 -5310 0 0 -8192 0 0 0 0 -8192 0 0 -3262 3262 -8192 -7411 -5310 -8192 -8192 0 -8192 -8192
0 -7399 -7411 -8192 0 0 0 0 -8192 0 0 0 0 -8192 0 0 -7399 -7411 -8192 0 -8192 -8192 -8192 0 -8192
0 -5120 -5310 0 -8192 0 0 0 0 -8192 0 0 0 0 -8192 0 -5120 -5310 0 -8192 -8192 -8192 -8192 -8192 0
